# oST version 5.0 parameters


[image]

width
640

height
480

[narrow_stereo]

camera matrix
678.297251 0.000000 316.198648
0.000000 675.864699 248.885156
0.000000 0.000000 1.000000

distortion
0.271507 -0.814686 0.000461 0.001472 0.000000

rectification
1.000000 0.000000 0.000000
0.000000 1.000000 0.000000
0.000000 0.000000 1.000000

projection
688.838003 0.000000 316.209343 0.000000 
0.000000 687.686111 248.644880 0.000000
0.000000 0.000000 1.000000 0.000000
